
strategic_region={
	id=2
	name="STRATEGICREGION_2"
	provinces={
		19 75 131 143 146 241 278 286 361 374 401 431 474 524 528 529 538 540 554 598 630 637 638 666 679 692 736 738 740 759 782 826 847 851 855 926 928 1068 1088 1167 1212 1214 1313 1330 1442 1449 1477 1503 1516 1570 1598 1623 1698 1713 1747 1768 1838 1883 1887 2047 2103 2144 2187 2240 2254 2266 2268 2277 2310 2354 2422 2498 2732 2756 2783 2814 2821 2825 2884 2905 2915 2932 2942 2957 2977 2994 3027 3070 3072 3103 3107 3192 3214 3222 3276 3287 3288 3380 3402 3444 3467 3474 3484 3488 3494 3526 3533 3571 3579 3593 3610 3636 3701 3715 3751 3756 4020 4051 4066 4100 4155 4171 4205 4254 4270 4368 4369 4427 4428 4430 4435 4515 4527 4532 4681 4723 4758 4783 4814 4843 4923 4939 4940 4989 5021 5061 5107 5129 5181 5251 5258 5411 5429 5474 5521 5589 5601 5662 5678 5727 5766 5783 5807 5812 5820 5838 5891 5905 5958 5968 5994 6154 6166 6200 6219 6232 6249 6294 6301 6342 6360 6384 6393 6444 6450 6557 6594 6618 6651 6762 6785 6798 6855 6858 6873 6893 6919 6937 6954 7029 7174 7178 7256 7287 7308 8969 8993 9003 9062 9065 9092 9094 9102 9113 9117 9126 9127 9128 9132 9139 9140 9155 9157 9164 9179 9180 9196 9217 9223 9230 9236 9246 9253 9291 9293 9295 9303 9326 9329 9347 9360 9368 9423 9445 9452 9469 9472 9479 9487 9499 9514 9518 9527 9549 9552 9565 9578 9586 9589 13747 13753 13756 13770 13775 13799 13801 13821 13826 13872 13903 13913 13914 13915 13921 13947 13974 13988 14000 14009 14016 14027 14034 14041 14071 14083 14087 14107 14126 14149 14167 14171 14172 14173 14181 14182 14190 14200 14210 14218 14230 14246 14252 14279 14349 14354 14357 14362 14365 
	}
	naval_terrain=water_shallow_sea
	weather={
	}
}
