state={
	id=114
	name="STATE_114"
	history = {
		owner = AUT
		add_core_of = AUT
		victory_points = {
			4454 13
		}
	}
	provinces={
		68 518 1113 1126 1421 1498 1525 1533 1559 1636 1677 1889 2038 2155 2186 2259 2337 2627 2848 2875 2918 3248 3263 3313 3714 3925 4117 4354 4454 4617 4983 5042 5121 5269 5734 5763 5901 5993 6050 6426 6532 6589 6598 6878 6886 7001 7030 7039 7047 7304 7875 7890 7901 7913 7924 7956 7959 7980 8017 8018 8036 8046 8079 8085 8118 8143 
	}
	buildings_max_level_factor=1.000
        manpower=100000
        state_category = large_town
}
