
state={
	id=158
	name="STATE_158"

	history={
		owner = AUT
		add_core_of = AUT
		victory_points = {
			4864 16 
		}

	}

	provinces={
		228 308 398 619 700 717 756 1282 1344 1428 1455 1573 1935 2763 3361 3643 3667 3910 4170 4172 4243 4475 4557 4599 4790 4864 5317 5340 5355 5568 5748 5896 6241 6252 6285 6343 7083 7261 8223 8235 8251 8268 8287 8293 8300 8311 8321 8324 8326 8334 8341 8349 8369 
	}
	manpower=100000
	buildings_max_level_factor=1.000
	state_category=large_town
	local_supplies=0.000
}
