state={
	id=185
	name="STATE_185"
	history = {
		owner = TAR
		add_core_of = TAR
		victory_points = {
			4663 14
		}
	}
	provinces={
		653 921 1164 1219 1308 1388 1640 1805 1866 1908 2137 2163 2333 2452 2558 2661 3006 3029 3377 3926 3928 4114 4203 4213 4222 4227 4326 4462 4654 4663 4817 4868 4979 5002 5136 5431 5547 5684 6168 6335 6432 6732 6831 6905 7017 7037 7247 7277 8350 8358 8378 8387 8403 8412 8430 8431 8435 8440 8441 8451 8487 8541 
	}
	buildings_max_level_factor=1.000
        manpower=100000
        state_category = large_town
}
