state={
	id=287
	name="STATE_287"
	history = {
		owner = KOD
		add_core_of = KOD
		victory_points = {
			873 16
		}
	}
	provinces={
		41 164 627 873 969 1165 1279 1354 1621 1691 1916 2058 2115 2231 2458 2578 2921 3008 3053 3085 3249 3278 3282 3421 3852 4095 4521 4542 4659 4669 4712 4949 5227 5310 5352 5577 5879 6000 6146 6302 6311 6550 6606 6807 7109 7209 9001 9010 9032 9089 9103 9121 9122 9130 9148 9168 9186 9189 9205 9207 9226 
	}
	buildings_max_level_factor=1.000
        manpower=100000
        state_category = large_town
}
