state={
	id=42
	name="STATE_42"
	history = {
		owner = AUT
		add_core_of = AUT
		victory_points = {
			1700 6
		}
	}
	provinces={
		320 367 464 803 860 891 997 1060 1153 1227 1281 1327 1403 1508 1535 1700 1810 1932 2193 2595 2621 2673 2686 2985 2997 3226 3395 3422 3497 3869 3966 3993 4027 4154 4195 4978 5006 5248 5428 5546 5892 5922 6011 6209 6230 6259 6421 6447 6835 7162 7311 7313 7445 7471 7474 7490 7499 7500 7520 7548 7562 7577 7599 
	}
	buildings_max_level_factor=1.000
        manpower=100000
        state_category = large_town
}
