state={
	id=45
	name="STATE_45"
	history = {
		owner = AUT
		add_core_of = AUT
		victory_points = {
			4384 12
		}
	}
	provinces={
		63 305 349 555 643 762 918 1000 1229 1377 1481 1593 1785 1794 1842 2462 2526 2530 2876 2911 2967 2969 3129 3133 3187 3294 3299 3542 3635 3698 4058 4124 4323 4384 4442 4586 5111 5161 6388 6544 6881 7324 7355 7473 7487 7493 7495 7503 7504 7507 7523 7526 7545 7558 7559 7570 7590 7606 7634 
	}
	buildings_max_level_factor=1.000
        manpower=100000
        state_category = large_town
}
