state={
	id=78
	name="STATE_78"
	history = {
		owner = AUT
		add_core_of = AUT
		victory_points = {
			6356 11
		}
	}
	provinces={
		193 437 486 972 986 1039 1158 1187 1201 1315 1487 1744 1926 2082 2237 2507 2534 2644 2787 3051 3208 3389 3527 3562 3568 3967 4062 4259 4439 4571 5011 5103 5475 5636 5656 5839 6006 6019 6081 6109 6159 6284 6288 6315 6356 6901 7192 7654 7655 7660 7685 7717 7739 7749 7751 7767 7787 7788 7801 7812 7836 7849 7855 7886 
	}
	buildings_max_level_factor=1.000
        manpower=100000
        state_category = large_town
}
